-0.759622 0.518086 0
-0.212392 0.612228 0
-0.274450 0.578283 0
-1.053597 0.426971 0
0.555344 -0.192721 0
-1.122491 0.444937 0
-1.552933 -0.348582 0
-0.020694 0.399788 0
-0.000561 0.465562 0
0.580688 -0.134802 0
-0.301561 0.446721 0
-0.485085 0.446319 0
-1.340023 0.231681 0
-0.078152 0.577755 0
-0.012568 0.533785 0
-1.432528 0.008564 0
-0.489338 0.564679 0
-1.197388 0.138293 0
-1.411031 -0.281488 0
-0.762353 0.614607 0
-0.644446 0.808173 0
-1.602430 -0.185864 0
-1.607374 -0.174466 0
0.427201 -0.150710 0
-0.186182 0.547902 0
-1.397390 -0.014764 0
-0.639291 0.623610 0
-0.461042 0.446203 0
-1.112001 0.522255 0
-1.110063 0.152949 0
-1.639504 0.148820 0
-1.429958 0.171722 0
-1.242686 0.320908 0
-1.380127 -0.241420 0
0.426505 -0.233470 0
-0.130892 0.645830 0
-1.424350 -0.220022 0
-1.417412 -0.339513 0
-1.544624 -0.239615 0
-0.787554 0.687279 0
-0.772255 0.587647 0
-0.644004 0.505715 0
0.526734 0.123363 0
-0.763241 0.745184 0
-1.385204 -0.058311 0
-0.387997 0.488049 0
-1.274736 -0.015792 0
-1.485185 -0.056580 0
0.006528 0.450487 0
0.358510 -0.123833 0
-1.389955 -0.320860 0
-1.418898 0.246220 0
-1.393547 -0.248789 0
-0.636037 0.745387 0
-1.338604 0.367368 0
0.058127 0.541055 0
-1.169843 0.561867 0
-0.885833 0.689483 0
0.086005 0.363744 0
-0.184583 0.492018 0
0.384618 0.226610 0
-1.139206 0.338764 0
0.430893 -0.247516 0
-1.467116 -0.233898 0
0.489002 -0.003637 0
-0.366943 0.621701 0
-0.525655 0.601949 0
0.444428 -0.266162 0
0.194532 0.455437 0
-0.908637 0.584115 0
-1.027036 0.307741 0
-1.437251 -0.086984 0
0.185402 0.489952 0
-0.572030 0.529061 0
-0.838069 0.695812 0
-1.370801 0.079063 0
0.220918 0.472579 0
-0.690355 0.676239 0
0.528280 0.005841 0
-0.678003 0.669914 0
-0.927756 0.544141 0
-1.233605 0.047614 0
-0.977306 0.541082 0
0.451190 0.064164 0
0.550935 -0.220486 0
-0.312578 0.773134 0
0.167847 0.316938 0
0.463100 -0.136749 0
-0.639627 0.651200 0
0.222436 0.285490 0
-1.238842 0.283576 0
-1.414128 0.061618 0
-1.498313 0.194871 0
0.038682 0.302354 0
0.066116 0.627651 0
-0.873954 0.475721 0
-0.441326 0.585014 0
0.377502 0.133940 0
-0.347793 0.800620 0
-1.327948 0.289101 0
-1.528403 -0.327838 0
0.303117 0.013230 0
-1.407513 0.102543 0
-1.536151 0.152379 0
-0.774364 0.490934 0
-1.487934 -0.051529 0
-1.304435 0.089856 0
-1.141621 0.109635 0
0.579528 -0.320666 0
0.390796 -0.039237 0
0.454333 -0.208511 0
0.544368 0.097196 0
-0.268967 0.698010 0
-0.976041 0.660188 0
-1.434394 -0.160890 0
-0.712160 0.511225 0
0.305245 0.148262 0
0.491139 0.084133 0
-0.372020 0.842354 0
-0.631797 0.657880 0
0.462507 -0.053037 0
-1.542744 -0.012472 0
0.481726 -0.223515 0
-0.235914 0.560587 0
0.554177 -0.067848 0
-0.749530 0.626161 0
-1.484624 -0.176766 0
0.360730 0.345390 0
-0.230301 0.597521 0
0.331842 0.110205 0
0.093882 0.555997 0
0.143311 0.552706 0
-1.386885 -0.038287 0
0.098658 0.622802 0
-0.818214 0.658914 0
0.047411 0.456282 0
-0.802392 0.511355 0
-1.273841 0.010327 0
-1.342431 -0.208854 0
-1.662928 -0.040397 0
-0.444323 0.583153 0
0.435287 0.095318 0
0.288622 -0.133269 0
0.521100 -0.239058 0
-1.416712 0.349822 0
0.303732 -0.131440 0
0.012695 0.143727 0
-1.065492 0.365371 0
-1.435697 0.143027 0
0.160403 0.511085 0
-1.623859 0.029437 0
-1.245563 0.347979 0
-1.178545 0.261287 0
0.262206 0.075902 0
-1.083744 0.419555 0
0.626728 -0.256350 0
0.336491 0.279586 0
-1.174537 0.520781 0
0.504338 -0.167418 0
-0.125104 0.662304 0
0.298991 -0.146533 0
-1.510197 -0.338013 0
0.484393 -0.154177 0
0.028700 0.668735 0
0.445093 -0.267612 0
-0.716643 0.583853 0
-0.093742 0.433595 0
-1.093273 0.415049 0
-1.246595 0.073651 0
-1.491538 -0.267498 0
0.185713 0.315356 0
0.367541 -0.153667 0
-0.955757 0.647259 0
-1.073126 0.497836 0
-1.296945 -0.140927 0
-0.898161 0.451337 0
0.270716 0.390610 0
-1.560181 -0.250129 0
-1.565442 -0.002012 0
0.017277 0.466086 0
-1.338840 0.031230 0
-1.177048 0.288857 0
-1.482229 -0.325590 0
-0.028342 0.508815 0
-0.324244 0.511286 0
0.332191 0.345657 0
-1.056236 0.534219 0
0.051704 0.433681 0
-1.042577 0.503347 0
-0.754590 0.593169 0
-1.004880 0.633689 0
0.131137 0.361306 0
-0.009988 0.599684 0
0.219870 0.429442 0
-0.042280 0.511851 0
0.315353 0.468228 0
-0.403315 0.706944 0
-0.756833 0.518766 0
-0.026709 0.536880 0
-1.012847 0.551796 0
-0.580811 0.700880 0
-0.717578 0.561748 0
-1.120092 0.590826 0
-0.651088 0.397418 0
0.212852 0.257380 0
-0.528885 0.652664 0
-0.698644 0.479192 0
0.668386 0.160737 0
-1.240878 0.275520 0
0.400097 -0.010937 0
0.564428 -0.296854 0
0.042020 0.314537 0
-0.295546 0.758213 0
-1.024768 0.620028 0
-1.313371 0.223880 0
-1.405923 -0.245554 0
0.156499 0.440199 0
-0.105985 0.502000 0
0.429800 0.282814 0
-1.746519 -0.161927 0
-0.080626 0.469939 0
-1.334192 0.141483 0
-1.302713 0.146157 0
-1.411476 -0.070077 0
0.657661 -0.249103 0
0.305318 0.081800 0
0.372112 0.150390 0
-0.288168 0.686141 0
-1.000132 0.394825 0
0.193501 0.424770 0
0.141457 0.593714 0
-1.400738 0.317896 0
-0.301144 0.395363 0
-1.297363 0.363818 0
-0.522740 0.716881 0
-0.388077 0.724365 0
-0.617814 0.520297 0
-0.875204 0.627742 0
0.310566 0.014525 0
-1.372520 0.092891 0
0.096899 0.304265 0
-1.137207 0.377380 0
-1.309544 0.083398 0
-1.014580 0.547835 0
0.115515 0.559785 0
0.382950 -0.171844 0
0.536072 -0.288744 0
-0.501524 0.665159 0
0.586906 -0.130872 0
0.072842 0.334944 0
0.194033 0.406733 0
-1.439386 -0.262481 0
0.140747 0.494466 0
0.516807 -0.321968 0
0.280949 0.171082 0
-1.371257 0.246167 0
-0.744336 0.606144 0
0.016939 0.664489 0
-1.423103 0.123880 0
0.157072 0.352947 0
-1.529927 -0.182686 0
-0.211003 0.639308 0
-1.196835 0.438810 0
-1.608623 -0.039994 0
-1.404535 0.159140 0
0.408830 -0.141667 0
-1.586033 -0.204255 0
-1.319367 0.383497 0
0.545205 0.146603 0
-1.505515 -0.045808 0
-0.254714 0.678334 0
-0.257370 0.483559 0
0.433282 -0.337005 0
-0.732324 0.586767 0
0.156443 0.497079 0
-0.570905 0.718801 0
-0.015400 0.596189 0
0.629585 -0.321408 0
-0.204388 0.675383 0
-0.645246 0.782614 0
0.368789 0.203704 0
-1.375710 0.390238 0
-0.363814 0.710123 0
0.566907 -0.243539 0
-1.608577 0.153074 0
0.025932 0.417615 0
0.450197 -0.156523 0
-1.349387 0.241317 0
-0.375173 0.536743 0
0.288802 0.429347 0
-0.981535 0.232936 0
-0.306823 0.717747 0
0.470787 0.087067 0
-1.056336 0.383174 0
-0.387417 0.495713 0
-0.040476 0.465084 0
-0.929291 0.477659 0
-0.483498 0.684382 0
-0.913444 0.297582 0
0.585819 -0.340641 0
-1.231344 0.197041 0
-0.307285 0.699358 0
0.240537 0.452748 0
0.112663 0.567082 0
0.406343 0.213289 0
-0.699968 0.499058 0
-1.617753 -0.125333 0
-1.597018 -0.199593 0
-0.633354 0.720201 0
-0.153864 0.648691 0
-0.263710 0.606227 0
-0.779920 0.527774 0
0.249103 0.017867 0
-1.170815 0.421243 0
0.631108 -0.055650 0
-0.574342 0.729330 0
-0.374595 0.581749 0
-0.510285 0.758718 0
-0.106438 0.434933 0
-1.171039 0.370333 0
-1.152895 0.380267 0
-1.520193 -0.007969 0
-0.804439 0.675711 0
-1.363601 0.410393 0
-0.466414 0.763288 0
0.521248 0.091222 0
-0.966276 0.538301 0
-1.405296 -0.129549 0
-0.606554 0.817283 0
-0.152323 0.582906 0
0.420735 0.105042 0
-1.366752 -0.334574 0
-0.163935 0.462644 0
0.331714 -0.032922 0
0.026306 0.533383 0
0.045472 0.624435 0
-1.608523 -0.024015 0
-1.447992 -0.103651 0
0.138538 0.469132 0
-1.513155 -0.116726 0
-1.078653 0.236866 0
-1.302347 0.090934 0
0.269792 0.216213 0
-0.838357 0.604269 0
-0.573660 0.793729 0
-0.772061 0.774749 0
-0.353215 0.605821 0
-1.340706 -0.072474 0
0.253432 -0.018727 0
-1.064931 0.418721 0
-0.031899 0.457232 0
0.235956 0.293867 0
0.343734 -0.107990 0
0.144643 0.370240 0
-0.050458 0.644061 0
-1.430063 0.037088 0
0.431401 0.276641 0
-1.273375 0.388891 0
0.217500 0.244889 0
0.398195 -0.048021 0
-1.252353 0.117715 0
0.171927 0.312265 0
0.401694 -0.132195 0
-0.731204 0.576303 0
-0.000511 0.561484 0
0.214225 0.302988 0
-1.388818 -0.144634 0
-1.463877 -0.016843 0
-1.266164 0.319626 0
-1.292697 0.307137 0
-0.212038 0.465057 0
-1.724913 -0.070736 0
-0.552178 0.673938 0
-1.522524 -0.035524 0
0.658310 -0.349482 0
-0.977718 0.472667 0
0.273624 0.246797 0
0.517633 -0.316582 0
-0.054346 0.710479 0
-1.395656 0.241551 0
0.294855 0.244129 0
-0.833725 0.584644 0
0.137226 0.399884 0
0.427551 0.065760 0
-0.611105 0.643376 0
-1.421653 0.028895 0
-1.245298 0.424565 0
-1.315823 0.342743 0
-0.653016 0.601958 0
-0.407949 0.777710 0
0.204849 0.033675 0
-0.862438 0.526980 0
-0.158552 0.558839 0
-1.235131 -0.142892 0
0.157561 0.235624 0
0.583772 -0.211061 0
-0.388440 0.854673 0
0.140468 0.344188 0
0.392096 -0.180548 0
0.169729 0.652293 0
-1.576077 -0.265239 0
-1.461974 -0.225970 0
0.319381 -0.160148 0
-1.153124 0.468470 0
-1.084912 0.351469 0
-1.363842 0.047689 0
0.096282 0.416080 0
-0.694456 0.565705 0
-1.440257 0.123090 0
-1.500913 -0.241840 0
-1.297776 -0.236007 0
0.086000 0.520919 0
-0.840436 0.584464 0
0.370367 0.175376 0
-0.498383 0.272461 0
-0.157220 0.511681 0
0.502413 0.084147 0
-1.527173 -0.177329 0
0.288387 -0.267865 0
-0.088345 0.620799 0
-1.373369 0.342993 0
-0.918830 0.414504 0
-0.718491 0.845484 0
0.046904 0.401539 0
-0.582395 0.797455 0
0.552566 -0.041420 0
-0.685280 0.729135 0
0.516314 -0.230454 0
0.320191 0.157862 0
0.496267 0.192085 0
0.438485 0.081960 0
0.384332 -0.008282 0
-0.183362 0.659363 0
-0.464079 0.565251 0
-1.157649 0.391919 0
-0.848856 0.604771 0
-1.763894 -0.125615 0
-1.251107 0.347472 0
-0.230952 0.569119 0
0.321115 0.251852 0
-1.029002 0.291646 0
-0.158321 0.413038 0
0.519792 -0.335134 0
0.579301 -0.345770 0
-0.480899 0.551311 0
-0.286574 0.451739 0
-1.374394 0.399139 0
-1.582126 -0.033068 0
-1.388073 0.067895 0
-1.066074 0.362780 0
-1.444249 -0.243370 0
0.332763 0.398007 0
0.624998 -0.272688 0
-1.247388 0.462766 0
-1.422621 -0.132097 0
-0.057698 0.482505 0
0.466490 0.195903 0
0.639364 -0.276305 0
-1.094226 0.453631 0
-0.133767 0.783081 0
-0.764886 0.660870 0
0.360266 -0.087040 0
0.516618 0.223142 0
0.385257 0.030483 0
-1.343441 -0.042648 0
0.210376 0.338099 0
0.461159 0.183130 0
0.462922 0.090718 0
-1.398377 0.075311 0
-0.779478 0.706501 0
-1.549104 -0.159043 0
0.220794 0.301566 0
-1.267827 0.361112 0
0.600573 0.090630 0
0.441844 -0.115452 0
0.037400 0.508342 0
-1.141847 0.099103 0
0.420020 -0.034101 0
0.147858 0.331607 0
0.572381 -0.217165 0
-1.409437 -0.019099 0
0.395212 0.196572 0
0.417067 -0.107493 0
-1.499769 -0.036754 0
-1.450516 -0.003789 0
0.569220 -0.143895 0
0.604184 -0.302154 0
0.416303 0.174008 0
-1.218627 0.600309 0
0.607556 -0.346697 0
0.183913 0.299192 0
0.114459 0.575115 0
-1.141748 0.440577 0
-0.084011 0.329838 0
0.274731 0.170511 0
-1.130124 0.569584 0
-1.051709 0.554921 0
-1.475639 0.037708 0
0.342917 0.017723 0
0.424766 0.034535 0
-0.396859 -0.454632 1
-0.546606 0.319055 1
-0.486720 0.065118 1
0.623342 -0.775518 1
1.400386 0.284434 1
-0.093389 -0.458510 1
-0.242932 -0.403594 1
1.363765 0.315066 1
1.642109 -0.002252 1
0.665911 -0.662850 1
-0.033501 -0.563061 1
1.000446 -0.657163 1
0.081258 -0.539246 1
-0.498555 0.287783 1
-0.366046 -0.377703 1
-0.150704 -0.431466 1
0.952596 -0.601707 1
1.457890 0.066277 1
0.621133 -0.570603 1
0.047484 -0.191995 1
0.090860 -0.506150 1
1.395384 -0.077374 1
1.500877 0.342029 1
-0.175014 -0.221668 1
0.769205 -0.602748 1
0.445693 -0.735760 1
0.475776 -0.566949 1
-0.375322 0.279305 1
-0.259088 -0.338667 1
1.487423 -0.062245 1
-0.337198 -0.254409 1
0.266490 -0.714888 1
-0.333448 0.284421 1
-0.478951 -0.273334 1
-0.411490 -0.246966 1
1.588506 0.316618 1
0.031523 -0.491814 1
1.466931 -0.137560 1
1.507668 0.023398 1
1.449438 -0.234413 1
1.647480 0.282472 1
1.504188 0.077077 1
0.854431 -0.568363 1
1.276517 -0.139985 1
1.431702 -0.329034 1
1.082487 -0.261322 1
-0.074789 -0.575735 1
1.361869 -0.227960 1
0.906693 -0.436872 1
0.924557 -0.507543 1
-0.325059 -0.379868 1
0.902210 -0.680636 1
0.021958 -0.474324 1
0.393582 -0.547259 1
1.342654 -0.228290 1
1.210140 -0.304172 1
-0.509511 0.068335 1
0.850871 -0.556865 1
1.540881 0.073417 1
0.993664 -0.462491 1
-0.128916 -0.528232 1
-0.438586 0.126243 1
-0.156514 -0.501364 1
-0.318248 0.325777 1
-0.564141 0.065526 1
1.550186 0.143320 1
-0.593966 0.327034 1
0.666726 -0.538417 1
-0.385397 -0.135900 1
-0.380648 -0.526093 1
0.938679 -0.470932 1
-0.255046 0.023817 1
-0.526357 0.327843 1
-0.552676 0.042363 1
-0.241065 -0.431137 1
1.018967 -0.444322 1
0.541767 -0.645451 1
0.652787 -0.646331 1
1.013857 -0.319065 1
-0.195795 -0.573222 1
-0.084227 -0.735508 1
1.229936 -0.120512 1
0.832831 -0.594561 1
1.370240 -0.203521 1
0.590486 -0.758200 1
-0.324180 0.157899 1
0.201525 -0.604915 1
0.901656 -0.506618 1
0.700551 -0.871847 1
0.551714 -0.670840 1
1.349930 -0.166776 1
1.426106 0.115445 1
-0.352257 -0.253735 1
0.951517 -0.410624 1
0.610894 -0.792692 1
0.978312 -0.483877 1
0.466994 -0.685359 1
-0.719266 0.237707 1
-0.457237 0.276902 1
1.195717 -0.358996 1
-0.443793 0.082786 1
-0.043346 -0.341371 1
0.763582 -0.574701 1
1.117247 -0.477762 1
-0.183312 0.002244 1
-0.263114 -0.285891 1
-0.485944 0.290949 1
1.356597 -0.080409 1
0.484110 -0.688218 1
1.019426 -0.414978 1
0.384314 -0.602294 1
0.449724 -0.533436 1
-0.527520 0.157854 1
-0.332379 -0.364695 1
-0.401123 0.167843 1
1.606425 0.070860 1
0.145847 -0.727444 1
0.932827 -0.495994 1
0.847840 -0.581758 1
-0.225264 -0.468993 1
0.722417 -0.701304 1
-0.424838 0.131915 1
1.153824 -0.250512 1
0.252473 -0.503231 1
0.345202 -0.548620 1
0.027533 -0.588369 1
-0.138871 -0.208736 1
0.514993 -0.625054 1
-0.335826 -0.117575 1
1.397770 0.343197 1
-0.522084 -0.382694 1
-0.300641 0.090419 1
-0.347075 -0.228137 1
0.454406 -0.550388 1
1.402608 0.064961 1
0.937398 -0.461088 1
-0.520897 0.253196 1
1.428859 0.215353 1
1.407798 0.127266 1
-0.592988 -0.031768 1
-0.252270 -0.275509 1
1.399881 0.198217 1
1.350114 0.082584 1
1.418695 0.008806 1
-0.012673 -0.232682 1
1.322134 -0.136482 1
-0.629207 0.314747 1
0.035625 -0.189697 1
0.570969 -0.545078 1
1.044882 -0.465861 1
0.333226 -0.515303 1
0.847832 -0.574675 1
1.483176 0.051473 1
1.352371 0.329854 1
1.574113 0.097244 1
-0.165271 -0.555857 1
-0.396522 0.329404 1
1.520468 0.155748 1
-0.511397 -0.083674 1
1.399658 0.050093 1
-0.050341 -0.578237 1
1.610802 0.142709 1
0.226836 -0.726542 1
-0.460439 -0.079805 1
-0.627168 0.225638 1
1.191750 -0.316180 1
1.162310 -0.283961 1
0.613381 -0.386914 1
0.722221 -0.758778 1
1.425336 -0.071535 1
-0.211923 -0.435580 1
-0.270987 -0.143942 1
0.826670 -0.562736 1
-0.499666 0.231074 1
0.530665 -0.574925 1
0.842041 -0.481025 1
1.535038 0.342328 1
-0.127748 -0.481444 1
-0.509468 0.220694 1
-0.122935 -0.442830 1
1.011432 -0.597948 1
-0.133740 -0.719715 1
1.270357 -0.042046 1
1.611473 -0.028529 1
-0.518818 -0.065588 1
1.282093 0.013279 1
-0.491923 0.261778 1
-0.549398 0.027081 1
1.126331 -0.469953 1
0.944368 -0.595705 1
0.180646 -0.465446 1
0.937695 -0.419892 1
1.521398 0.143959 1
1.109778 -0.588312 1
1.409490 -0.329156 1
0.971087 -0.405152 1
1.482106 0.187178 1
1.101405 -0.548146 1
-0.751876 -0.032522 1
1.549390 -0.083696 1
-0.315653 -0.052150 1
0.982651 -0.400397 1
0.417038 -0.705256 1
0.441169 -0.752403 1
-0.052834 -0.305269 1
1.041100 -0.355704 1
1.181973 -0.201474 1
-0.475850 0.335604 1
0.633993 -0.454304 1
-0.230482 -0.387450 1
1.173607 -0.296739 1
-0.455174 -0.246012 1
0.795238 -0.703171 1
-0.436637 -0.209379 1
-0.449350 0.327752 1
-0.237270 -0.342843 1
-0.192255 -0.198769 1
1.368516 0.227662 1
1.154656 -0.590964 1
-0.444840 -0.164322 1
-0.186014 -0.452470 1
0.753416 -0.622252 1
-0.254608 -0.576595 1
0.091233 -0.562085 1
-0.011767 -0.592344 1
-0.136425 -0.573471 1
-0.466912 0.336948 1
1.358326 -0.237210 1
1.172111 -0.261884 1
1.016819 -0.580227 1
1.378804 -0.031399 1
-0.140964 -0.470347 1
0.590765 -0.855322 1
-0.357719 -0.312994 1
1.034217 -0.434429 1
-0.484501 0.110761 1
-0.026393 -0.393181 1
-0.366959 -0.152258 1
1.278553 -0.360947 1
-0.022988 -0.411900 1
1.482872 -0.171686 1
-0.319037 -0.026355 1
1.459073 -0.183156 1
-0.499304 0.262197 1
0.501891 -0.741858 1
0.831004 -0.600471 1
-0.313658 -0.341470 1
1.248304 -0.415756 1
1.297910 -0.072064 1
-0.010906 -0.450019 1
1.252672 -0.493990 1
1.368344 -0.286166 1
-0.637534 0.036630 1
0.053193 -0.529396 1
-0.048038 -0.703977 1
-0.437056 0.159024 1
0.653458 -0.418147 1
1.345606 0.283038 1
1.400951 -0.160488 1
0.131085 -0.624816 1
-0.273895 -0.397830 1
0.065596 -0.516432 1
-0.299039 -0.304202 1
-0.224310 -0.408518 1
1.140446 -0.414736 1
-0.508190 0.105737 1
-0.280267 -0.234475 1
1.073660 -0.614332 1
0.538787 -0.704819 1
1.350373 0.169695 1
1.602248 0.190826 1
0.606142 -0.677434 1
-0.221733 0.211963 1
-0.436176 0.276511 1
-0.049762 -0.437514 1
0.025718 -0.522825 1
-0.437802 0.283680 1
0.840015 -0.776101 1
1.578610 0.202202 1
0.280849 -0.648904 1
-0.425892 -0.110029 1
-0.236220 0.155822 1
-0.200689 -0.325322 1
1.313425 0.225863 1
-0.443023 0.010301 1
-0.127024 -0.390580 1
0.548483 -0.738180 1
0.387155 -0.761557 1
1.485951 0.178382 1
1.120768 -0.427712 1
1.298770 -0.099934 1
-0.014908 -0.546628 1
1.505845 -0.106801 1
-0.421566 0.331167 1
1.377016 -0.265865 1
1.069131 -0.401894 1
1.433275 -0.255046 1
-0.227799 -0.203865 1
1.624795 0.139356 1
1.406677 -0.001703 1
1.176314 -0.463311 1
1.345771 0.095248 1
-0.414296 0.092586 1
-0.408971 -0.250675 1
1.217617 -0.441454 1
0.304539 -0.683760 1
-0.455012 -0.065328 1
0.574897 -0.785936 1
-0.083920 -0.238222 1
0.291916 -0.651064 1
0.309967 -0.498115 1
0.294416 -0.521794 1
0.545832 -0.708205 1
-0.254077 -0.138117 1
-0.510511 -0.135052 1
0.457545 -0.654872 1
-0.076455 -0.445080 1
-0.578517 -0.010472 1
-0.541692 0.196682 1
1.398699 -0.484752 1
1.038991 -0.729927 1
-0.044899 -0.583002 1
0.134447 -0.709594 1
-0.284469 -0.462682 1
0.572528 -0.528621 1
1.109402 -0.693625 1
0.629074 -0.696938 1
0.367805 -0.764863 1
0.738458 -0.456255 1
0.563252 -0.730102 1
-0.311949 -0.376126 1
1.309114 -0.294740 1
1.493742 0.198261 1
-0.472171 0.346175 1
-0.050300 -0.648963 1
1.342423 -0.009828 1
1.277579 -0.259091 1
1.265023 0.060755 1
0.871819 -0.462057 1
-0.165757 -0.463706 1
0.305548 -0.851487 1
0.136753 -0.700216 1
1.228011 0.112641 1
-0.427347 0.143910 1
0.795317 -0.604781 1
-0.090640 -0.420437 1
-0.220276 -0.639003 1
1.517300 -0.130321 1
1.456878 -0.042468 1
1.230891 -0.376283 1
0.644062 -0.597911 1
-0.200875 0.130636 1
1.555295 0.304385 1
0.287226 -0.640310 1
0.107263 -0.572453 1
-0.188391 -0.271295 1
1.306488 -0.123785 1
0.159017 -0.559252 1
-0.402752 0.105990 1
0.826502 -0.704943 1
0.937510 -0.396911 1
-0.109745 -0.290907 1
0.706238 -0.649108 1
1.432165 0.050960 1
-0.459531 -0.006741 1
-0.397592 0.072877 1
0.996315 -0.447372 1
0.867537 -0.589616 1
-0.009529 -0.284349 1
-0.570685 0.275364 1
-0.327483 0.183429 1
0.563639 -0.665287 1
1.334540 0.272314 1
0.591563 -0.530839 1
-0.114033 -0.383117 1
0.305620 -0.554745 1
0.809966 -0.521359 1
1.098796 -0.368736 1
0.023182 -0.419426 1
0.147254 -0.464106 1
0.959547 -0.569922 1
0.062540 -0.429567 1
0.350715 -0.568424 1
1.214448 -0.317599 1
-0.655030 0.096797 1
1.387549 0.197082 1
1.161027 -0.282032 1
0.972824 -0.797921 1
1.475146 0.120058 1
0.873901 -0.553214 1
0.281096 -0.714081 1
0.551116 -0.667817 1
0.574254 -0.568977 1
-0.226185 -0.370069 1
0.980507 -0.758522 1
0.374010 -0.628837 1
-0.060678 -0.493486 1
0.546298 -0.485514 1
-0.391500 0.235458 1
1.286444 -0.330953 1
-0.045978 -0.264714 1
1.270288 -0.345135 1
-0.059145 -0.085649 1
0.242737 -0.534893 1
-0.229898 -0.408578 1
-0.476632 0.092510 1
1.332725 -0.240691 1
1.568202 0.277258 1
-0.143349 0.214720 1
0.044442 -0.412462 1
-0.321649 -0.314823 1
0.551163 -0.597539 1
1.201297 -0.212795 1
0.105627 -0.460835 1
0.855524 -0.759151 1
0.713802 -0.660002 1
-0.389486 -0.408120 1
-0.175072 -0.040567 1
-0.160554 -0.416650 1
1.560242 0.059954 1
0.757633 -0.478963 1
1.498934 0.098793 1
-0.292228 -0.047342 1
0.930621 -0.225502 1
1.264522 -0.056019 1
-0.307801 0.296814 1
-0.047942 -0.365874 1
0.354855 -0.572531 1
1.486697 0.076278 1
-0.397467 0.063715 1
-0.239989 -0.310130 1
0.811913 -0.672964 1
1.179091 -0.222042 1
-0.486593 -0.048299 1
-0.374213 -0.176294 1
0.645880 -0.643920 1
0.984821 -0.603168 1
-0.224000 -0.218872 1
-0.587414 0.323113 1
-0.319837 0.067453 1
-0.248059 -0.377463 1
0.031664 -0.700188 1
0.466875 -0.730207 1
1.522149 -0.053072 1
-0.522750 -0.171174 1
1.110191 -0.368908 1
0.996198 -0.517220 1
-0.402940 0.288891 1
-0.505242 0.008814 1
-0.326759 -0.063185 1
0.966343 -0.630262 1
1.225173 0.079996 1
0.046437 -0.466787 1
0.267115 -0.715316 1
1.052470 -0.461273 1
-0.555782 0.145508 1
1.115030 -0.536241 1
-0.345809 -0.145226 1
1.025770 -0.431310 1
1.471871 0.240774 1
-0.259448 -0.374496 1
1.137047 -0.350525 1
-0.228054 -0.089666 1
-0.279921 -0.208908 1
0.736072 -0.626692 1
-0.192994 -0.372272 1
1.193350 -0.454104 1
-0.507113 0.291024 1
0.847328 -0.629153 1
1.433326 -0.101247 1
1.106632 -0.398893 1
0.284861 -0.617619 1
1.224482 -0.343304 1
0.410367 -0.734979 1
1.647368 0.108118 1
1.220850 -0.028592 1
-0.412514 0.200182 1
-0.157950 -0.243827 1
-0.184661 -0.410214 1
1.518902 -0.143169 1
-0.263376 -0.052256 1
-0.542589 0.334848 1
-0.458977 0.308468 1
1.074699 -0.458219 1
0.636673 -0.638103 1
0.250837 -0.444448 1
1.274907 -0.435486 1
-0.512438 0.163725 1
0.053040 -0.311569 1
0.182144 -0.625978 1
1.380467 -0.030232 1
1.407607 -0.192875 1
1.434593 0.149370 1
0.149476 -0.600260 1
-0.197695 -0.197512 1
-0.410557 -0.166359 1
0.222501 -0.730582 1
1.191165 -0.382257 1
0.962919 -0.698384 1
1.508520 0.144518 1
